create_session-1, 0.004880020162090659, 0.0015611900016665459, 0.0016655009239912033, 0.0014084081631153822, 0.0015433570370078087, 0.0019936340395361185, 0.0014027690049260855, 0.0014394160825759172, 0.0016134749166667461, 0.0014355289749801159
create_session-10, 0.0018284500110894442, 0.0025665368884801865, 0.0025491449050605297, 0.0030897699762135744, 0.0032072949688881636, 0.003336352063342929, 0.002924736123532057, 0.0016301469877362251, 0.0016163010150194168, 0.001805769046768546
create_session-100, 0.0018135940190404654, 0.0025538839399814606, 0.001802072860300541, 0.0016800977755337954, 0.002272506942972541, 0.0017876159399747849, 0.001612544059753418, 0.0018183619249612093, 0.001809756038710475, 0.0021712309680879116
create_session-1000, 0.0022341469302773476, 0.003225849010050297, 0.002765592886134982, 0.0026884409599006176, 0.0024751489982008934, 0.002776503097265959, 0.0035346371587365866, 0.0031289418693631887, 0.003992307931184769, 0.003036299953237176
create_session-10000, 0.010845215059816837, 0.01082158088684082, 0.008641764055937529, 0.010980492923408747, 0.009949387982487679, 0.007863854989409447, 0.007658567046746612, 0.0072915321215987206, 0.007574402028694749, 0.0072622590232640505
create_session-100000, 0.08994561596773565, 0.08249334711581469, 0.07148047490045428, 0.0720995229203254, 0.07526927883736789, 0.09069557394832373, 0.074847302865237, 0.07523160986602306, 0.0773166730068624, 0.07200034987181425
join_session-1, 0.0011160711292177439, 0.0012738408986479044, 0.0021873710211366415, 0.0012283180840313435, 0.0012521410826593637, 0.0011630780063569546, 0.0013922289945185184, 0.0012368429452180862, 0.0011904980055987835, 0.00116460002027452
join_session-10, 0.001501559978350997, 0.0012647239491343498, 0.001261489000171423, 0.0011397851631045341, 0.0015242721419781446, 0.0012772679328918457, 0.001188294030725956, 0.0011703211348503828, 0.0013728940393775702, 0.001206869026646018
join_session-100, 0.0012300210073590279, 0.0012166760861873627, 0.0014331941492855549, 0.0012101042084395885, 0.001183815998956561, 0.0012209839187562466, 0.0014858010690659285, 0.0011635988485068083, 0.0011776250321418047, 0.0013394721318036318
join_session-1000, 0.0012503978796303272, 0.0012363330461084843, 0.001286895014345646, 0.0013358758296817541, 0.0012244901154190302, 0.001292685978114605, 0.0013172109611332417, 0.0013321489095687866, 0.001195977907627821, 0.001196600031107664
join_session-10000, 0.0015537359286099672, 0.0017393170855939388, 0.001594501081854105, 0.0014897279907017946, 0.0015444487798959017, 0.001964170951396227, 0.0019311201758682728, 0.001779099926352501, 0.0016779738944023848, 0.0017351191490888596
join_session-100000, 0.005209083901718259, 0.005076621193438768, 0.0055189840495586395, 0.005272340960800648, 0.00539406412281096, 0.005707080010324717, 0.0049227080307900906, 0.005467039067298174, 0.005295223090797663, 0.005081048933789134
get_session_status-1, 0.0013064020313322544, 0.0014275440480560064, 0.0013830119278281927, 0.001223177881911397, 0.0011606230400502682, 0.0018872390501201153, 0.0012676101177930832, 0.0014824150130152702, 0.0011221719905734062, 0.0011321909260004759
get_session_status-10, 0.0010488678235560656, 0.0012586030643433332, 0.001172324875369668, 0.001153209013864398, 0.0011138671543449163, 0.0010991499293595552, 0.0012802339624613523, 0.0010518438648432493, 0.001186189940199256, 0.001202691113576293
get_session_status-100, 0.0012240500655025244, 0.001130807911977172, 0.0013062008656561375, 0.0012313530314713717, 0.0013461040798574686, 0.001322770956903696, 0.0010659389663487673, 0.0012040131259709597, 0.0010875691659748554, 0.0014220539014786482
get_session_status-1000, 0.0019005239009857178, 0.001119127031415701, 0.0014056540094316006, 0.001165191875770688, 0.0014133080840110779, 0.001153289806097746, 0.001504755113273859, 0.0015575019642710686, 0.001189687056466937, 0.0015650168061256409
get_session_status-10000, 0.0016928620170801878, 0.0017444770783185959, 0.0016816509887576103, 0.0015760569367557764, 0.0014734677970409393, 0.0016856880392879248, 0.0016851969994604588, 0.0015332379844039679, 0.001431511016562581, 0.00179493916220963
get_session_status-100000, 0.0037827228661626577, 0.002038968028500676, 0.0022858818992972374, 0.0019381530582904816, 0.002404208993539214, 0.001819254131987691, 0.0021126330830156803, 0.0022157731000334024, 0.0023477859795093536, 0.001951456069946289
get_var_flag-1, 0.002117561874911189, 0.0020679710432887077, 0.0013913779985159636, 0.002127450192347169, 0.001880626892670989, 0.002433022018522024, 0.002107352949678898, 0.002152455970644951, 0.0028217160142958164, 0.0015232600271701813
get_var_flag-10, 0.00222889706492424, 0.001406325027346611, 0.0019581690430641174, 0.00295936013571918, 0.0015875680837780237, 0.0011981818825006485, 0.0023598370607942343, 0.0020600270945578814, 0.0017218340653926134, 0.0018060989677906036
get_var_flag-100, 0.001814114861190319, 0.0023733219131827354, 0.0019910400733351707, 0.0020643339958041906, 0.0015274768229573965, 0.002066016895696521, 0.0018649280536919832, 0.0015562910120934248, 0.001836064038798213, 0.00215688394382596
get_var_flag-1000, 0.0018533358816057444, 0.0015011699870228767, 0.0018847240135073662, 0.0013319880235940218, 0.0021847861353307962, 0.0017299300525337458, 0.001646796939894557, 0.001721343956887722, 0.0013811781536787748, 0.0018035948742181063
get_var_flag-10000, 0.002345120068639517, 0.0021055799443274736, 0.0014946870505809784, 0.001955323852598667, 0.0015058480203151703, 0.001796291908249259, 0.0018313159234821796, 0.002004083013162017, 0.002030041068792343, 0.0021150480024516582
get_var_flag-100000, 0.0020944001153111458, 0.0022805719636380672, 0.0023619409184902906, 0.002755254041403532, 0.002294106874614954, 0.002435757080093026, 0.0028027708176523447, 0.0023122800048440695, 0.0023020210210233927, 0.002024020068347454
get_var_size-1, 0.0016281120479106903, 0.0015443379525095224, 0.0017940681427717209, 0.0013758689165115356, 0.002508030040189624, 0.0020829581189900637, 0.0015512609388679266, 0.002690534805878997, 0.0014101921115070581, 0.002271665958687663
get_var_size-10, 0.001815466908738017, 0.0015427060425281525, 0.001988775795325637, 0.0018517938442528248, 0.0013612019829452038, 0.002293064957484603, 0.0015734320040792227, 0.002183463191613555, 0.0015234199818223715, 0.0035090099554508924
get_var_size-100, 0.00237724999897182, 0.0019648808520287275, 0.002437490038573742, 0.002062530955299735, 0.0014644719194620848, 0.0019056620076298714, 0.0015073299873620272, 0.001350402133539319, 0.0018235519528388977, 0.0019016559235751629
get_var_size-1000, 0.0016559630166739225, 0.0017395580653101206, 0.0014217530842870474, 0.0024770430754870176, 0.0013964769896119833, 0.0018765188287943602, 0.0017108051106333733, 0.0017697729635983706, 0.0012016389518976212, 0.001712688012048602
get_var_size-10000, 0.002015664940699935, 0.001614968990907073, 0.0018189428374171257, 0.002664548112079501, 0.001793145900592208, 0.0016099389176815748, 0.002605949994176626, 0.0017274050042033195, 0.002625896129757166, 0.0016215809155255556
get_var_size-100000, 0.0023453310132026672, 0.0024546808563172817, 0.002248232951387763, 0.0024233239237219095, 0.0027710329741239548, 0.0021233721636235714, 0.0023051670286804438, 0.002789186080917716, 0.002260274952277541, 0.002652805997058749
end_session-1, 0.001511076930910349, 0.00187191111035645, 0.0017982348799705505, 0.0016207389999181032, 0.0014541319105774164, 0.001538377022370696, 0.0014317519962787628, 0.0012734110932797194, 0.0014558660332113504, 0.001328952144831419
end_session-10, 0.0014804808888584375, 0.00151597592048347, 0.0011820131912827492, 0.0017063370905816555, 0.001179588958621025, 0.0014045611023902893, 0.0017714360728859901, 0.0012673200108110905, 0.001548496074974537, 0.0013654499780386686
end_session-100, 0.001538537908345461, 0.002358394907787442, 0.0015330379828810692, 0.0017165250610560179, 0.001973808044567704, 0.0014989350456744432, 0.0015826288145035505, 0.0019938850309699774, 0.001959271030500531, 0.001785953063517809
end_session-1000, 0.005402099108323455, 0.005786805879324675, 0.004940361017361283, 0.0056701721623539925, 0.004228621954098344, 0.004327593836933374, 0.00448653707280755, 0.007093677995726466, 0.004519798094406724, 0.004423399921506643
end_session-10000, 0.03429160895757377, 0.032044769963249564, 0.04224655078724027, 0.03745516506023705, 0.03871021093800664, 0.03509395499713719, 0.041459165047854185, 0.037883622106164694, 0.035522883059456944, 0.03682819218374789
end_session-100000, 0.3558173219207674, 0.35465564695186913, 0.36952109006233513, 0.34700209903530777, 0.35390218207612634, 0.35152012412436306, 0.36479766899719834, 0.34497624612413347, 0.3516809190623462, 0.3495174120180309
send_data-1, 0.0011545929592102766, 0.001302013173699379, 0.0013615218922495842, 0.0012282379902899265, 0.0011256590951234102, 0.0011514259967952967, 0.0011945648584514856, 0.0011418990325182676, 0.0011508949100971222, 0.0011510560289025307
send_data-10, 0.001311080064624548, 0.001140036154538393, 0.0011544721201062202, 0.001105973031371832, 0.0016884028445929289, 0.0013441608753055334, 0.0012662368826568127, 0.0011821521911770105, 0.0017466710414737463, 0.0011833449825644493
send_data-100, 0.0012273660395294428, 0.00165560282766819, 0.0013635458890348673, 0.0010990099981427193, 0.0012194619048386812, 0.0011287040542811155, 0.0012908929493278265, 0.001205214997753501, 0.0011241959873586893, 0.0012099840678274632
send_data-1000, 0.0012042128946632147, 0.001124928006902337, 0.0011593408416956663, 0.0011122638825327158, 0.0012616280000656843, 0.0010815879795700312, 0.001119628082960844, 0.0010841230396181345, 0.00116990995593369, 0.0013917679898440838
send_data-10000, 0.0018190830014646053, 0.0013637170195579529, 0.0014275540597736835, 0.00142462900839746, 0.0013377680443227291, 0.001405523158609867, 0.0025672889314591885, 0.0014552250504493713, 0.001983436057344079, 0.001566639170050621
send_data-100000, 0.010291145183146, 0.006003775168210268, 0.00680922600440681, 0.005810479866340756, 0.005586667917668819, 0.006266136886551976, 0.006675780983641744, 0.005493177101016045, 0.006133333081379533, 0.00537169398739934
send_data-1000000, 0.12084070197306573, 0.06465506902895868, 0.068117052083835, 0.06751620909199119, 0.06840523285791278, 0.07170361489988863, 0.07155610411427915, 0.07138885697349906, 0.070571294054389, 0.0672042949590832
recv_data-1, 0.0012950599193572998, 0.0013342620804905891, 0.0020296499133110046, 0.002331655938178301, 0.0016173920594155788, 0.001521996920928359, 0.0017403888050466776, 0.0018804860301315784, 0.0021634160075336695, 0.0013429280370473862
recv_data-10, 0.0017512489575892687, 0.0016448830720037222, 0.002672682050615549, 0.0019724348094314337, 0.0019910898990929127, 0.0013288629706948996, 0.0020094241481274366, 0.00190902897156775, 0.0018441090360283852, 0.0018633250147104263
recv_data-100, 0.0011644309852272272, 0.0015776990912854671, 0.0022557470947504044, 0.0016085461247712374, 0.001258262898772955, 0.002164277946576476, 0.0012261630035936832, 0.0016684469301253557, 0.0016413768753409386, 0.0011710429098457098
recv_data-1000, 0.002745165955275297, 0.002764651086181402, 0.0029857479967176914, 0.0025936169549822807, 0.0026687660720199347, 0.0024600119795650244, 0.004431145032867789, 0.002373071853071451, 0.0031509818509221077, 0.002586513990536332
recv_data-10000, 0.028113453881815076, 0.029350667959079146, 0.027855298947542906, 0.025870781857520342, 0.03313266020268202, 0.034892895026132464, 0.0215514930896461, 0.0345695810392499, 0.02895468007773161, 0.02984231198206544
recv_data-100000, 0.3894999229814857, 0.3755430190358311, 0.38812722894363105, 0.29565773508511484, 0.25363263115286827, 0.2628444319125265, 0.2970504960976541, 0.2681399858556688, 0.2658135511446744, 0.2659281811211258
recv_data-1000000, 2.8404706029687077, 2.7432450170163065, 2.774470519972965, 2.708486177958548, 2.7460206989198923, 2.6967654649633914, 2.75059752096422, 2.7139734141528606, 2.708895831136033, 2.747145456029102
