create_session-1, 0.7738741519999905, 0.03559990300000493, 0.04157735500000115, 0.03615274400000601, 0.03741771299999641, 0.03503433500000597, 0.03523142900000664, 0.0368822989999984, 0.03601479799999652, 0.03575279000000364
create_session-10, 0.03658664200000317, 0.036302385999988473, 0.03341387899999404, 0.03615987500000983, 0.03513898699999629, 0.03674457099999984, 0.037067770999996696, 0.03559515300000271, 0.035891085999992356, 0.03572915600000215
create_session-100, 0.03679853300000957, 0.035001442999998744, 0.03455130600001155, 0.03350098600000706, 0.03583483100000251, 0.03901684699999919, 0.03673388500000385, 0.0342055160000001, 0.03617783300001065, 0.03358689499999912
create_session-1000, 0.035761682000000405, 0.03698815999999283, 0.0363091680000025, 0.03721950800000684, 0.03408557800000267, 0.03688554999999383, 0.036280571000006034, 0.036185368999994694, 0.03799333099999558, 0.03749644399999852
create_session-10000, 0.04445060399999079, 0.0417289089999997, 0.042523645999992254, 0.04097055500000124, 0.04678675600000304, 0.04292187500000466, 0.04250368700000706, 0.04602119099999413, 0.04218639399999802, 0.04266965099999709
create_session-100000, 0.12202391799999646, 0.11598047200000394, 0.11095913500000165, 0.1064517390000077, 0.10687477000000456, 0.10749741800000834, 0.10966452099999913, 0.10348717600000157, 0.10253716999999085, 0.10144846699999732
create_session-1000000, 0.9579885210000043, 0.9288160199999993, 0.9267967030000079, 0.9233983140000106, 0.9513567270000038, 0.9343190579999998, 0.9323937969999747, 0.9485806300000093, 0.9501589820000049, 0.9603418989999852
join_session-1, 0.03590204500000027, 0.03579329299998335, 0.036990641999977925, 0.03493971299999998, 0.03494029300000534, 0.03678589099999385, 0.036100451000010025, 0.03607167699999536, 0.03408106599999883, 0.03416403099998888
join_session-10, 0.034608876999982385, 0.03613162299998862, 0.035617178999984844, 0.03619294700001774, 0.03573645200000897, 0.03629261499997938, 0.03568116100001362, 0.03611907399999836, 0.03538979900000072, 0.03376909600001454
join_session-100, 0.03465920200000028, 0.03502201500000979, 0.0336548040000082, 0.03627182900001458, 0.033595760999986624, 0.03768021000001909, 0.036095651000010776, 0.03747235399998772, 0.034424569999998766, 0.03613208900000586
join_session-1000, 0.03586777600000346, 0.033601478000008456, 0.0354521819999718, 0.035796108999988974, 0.034867028999997274, 0.03667109100001653, 0.03649203599999851, 0.036870396999972854, 0.036752548999999135, 0.03664382499999874
join_session-10000, 0.03714061200000174, 0.03407726100002151, 0.03604292800000053, 0.03563738299999386, 0.03685015499999622, 0.033483445000001666, 0.0366965420000156, 0.0369937959999902, 0.03496700299999134, 0.03708327399999689
join_session-100000, 0.037905926999997064, 0.03743252900000016, 0.03845892600000411, 0.03931832200001395, 0.037120888000004015, 0.038950897000006535, 0.039280945000001566, 0.03930513199998131, 0.036892520999998624, 0.037378327999988414
join_session-1000000, 3.8213916720000043, 3.7409867190000057, 3.6866374029999918, 3.753016078999991, 3.7178753729999983, 3.738655059999985, 3.7013198519999833, 3.7263623730000006, 3.701617583000001, 3.749796707999991
get_session_status-1, 0.035554660000002514, 0.033638314000000946, 0.036008621999997104, 0.034911950999998, 0.036845800999998346, 0.03497867400000132, 0.03583939799997893, 0.03520323000000758, 0.03560509299998671, 0.034046262000003935
get_session_status-10, 0.03481493099999966, 0.03579674400000954, 0.0373046949999889, 0.03464785299999562, 0.034920798000001696, 0.03401506000000154, 0.03625724400001218, 0.03953463299998816, 0.0361458339999956, 0.03523564199997509
get_session_status-100, 0.03633591099998057, 0.0348568729999954, 0.03588329199999407, 0.03327798299997653, 0.03602254200001198, 0.0370886050000081, 0.033888923000006343, 0.036323353000000225, 0.03668511500001159, 0.03548380499998416
get_session_status-1000, 0.03434943199999907, 0.03617128099998013, 0.036952151999997795, 0.0361121740000101, 0.03552908699998625, 0.03645764000000895, 0.03677397100000235, 0.035444190999982084, 0.03333986699999514, 0.03589446600000201
get_session_status-10000, 0.03471817400000532, 0.03405906200001141, 0.034333018000012316, 0.03295504100000812, 0.03631949799998324, 0.03415641199998731, 0.036064329999987876, 0.03514068600000542, 0.0370571150000103, 0.035533733000022494
get_session_status-100000, 0.03406979700000079, 0.036528115000010075, 0.034585485999997445, 0.035360948000004555, 0.034027063999985785, 0.03460779400001002, 0.03294392400002266, 0.03613713500001836, 0.03391520399998171, 0.034584744
get_var_flag-1, 0.034738403000005746, 0.035284128999990116, 0.033616771999987805, 0.03485003299999789, 0.03680572800001869, 0.03642944899999634, 0.03629401099999541, 0.036307146000012835, 0.0366086980000091, 0.03595254300000761
get_var_flag-10, 0.03607599200000777, 0.037479708999995864, 0.033531167999996114, 0.03670237199997928, 0.03365651900000444, 0.03755767100000185, 0.037479392000022926, 0.03570701499998563, 0.03560006200001453, 0.03397019000001933
get_var_flag-100, 0.03522705700001438, 0.0368635369999879, 0.035643728999986024, 0.03597433799998839, 0.0362283530000127, 0.036641688000003114, 0.0349786090000066, 0.035572517999980846, 0.035348626000001104, 0.036658625000001166
get_var_flag-1000, 0.036225282000003745, 0.036360056999996004, 0.0367959360000043, 0.033530114000001277, 0.03343443199997864, 0.03489777299998309, 0.03362646799999425, 0.037058189000021, 0.03319177500000592, 0.03488830800000642
get_var_flag-10000, 0.03346190800002091, 0.03624185099999977, 0.034817988000014566, 0.03423345800001698, 0.03556546999999455, 0.03607461600000761, 0.03532242699998278, 0.03641939600001365, 0.03636417000001302, 0.03399809300000811
get_var_flag-100000, 0.03731765300000234, 0.036348693999997295, 0.036006685000018024, 0.03460265600000412, 0.03610186899999235, 0.03431419099999289, 0.03532868000002054, 0.03510950500000831, 0.036303104000012354, 0.03443247800001359
get_var_flag-1000000, 3.591982059000003, 3.663130083999988, 3.613143051999998, 3.666248600000017, 3.6195061720000012, 3.813727739000001, 3.652643325999975, 3.8356041600000026, 3.647464221000007, 3.629672520999975
get_var_size-1, 0.0357572780000055, 0.03599324499998602, 0.03596931200002018, 0.03465196199999809, 0.034135844999980236, 0.033836489999998776, 0.034242052000024614, 0.0339343010000448, 0.03399821199997177, 0.03572315100001333
get_var_size-10, 0.03340479100000948, 0.037558205000038924, 0.03598139100000708, 0.034256013000003804, 0.03553076800000099, 0.035435311000014735, 0.037397822000002634, 0.03657660099997884, 0.03577234800002316, 0.03570853899998383
get_var_size-100, 0.03631915399995478, 0.03542502400000558, 0.0333395229999951, 0.033615184999973735, 0.035944659999984196, 0.036162255000022014, 0.033127890000002935, 0.03363807800002405, 0.034142214999974385, 0.03595273799999177
get_var_size-1000, 0.03376765799998793, 0.035255521000010503, 0.03581961199995476, 0.034845512000003964, 0.0352113710000026, 0.03525736799997503, 0.03543225399999983, 0.03391071599997986, 0.03674650499999643, 0.03540088500000138
get_var_size-10000, 0.034130534000041735, 0.03561379199999237, 0.03571670200000199, 0.03644224199996415, 0.035287244000016926, 0.035959153999954196, 0.0365620350000313, 0.035106548999976894, 0.03590070599994988, 0.035639650999996775
get_var_size-100000, 0.0358128120000174, 0.03518327999995563, 0.03605091400004312, 0.03536251500003118, 0.03351278299999194, 0.034298124000031294, 0.0344118739999999, 0.03342195200002607, 0.03659230400000979, 0.03332969800004548
get_var_size-1000000, 3.624930226999993, 3.6079613989999757, 3.6683030959999883, 3.6123444149999955, 3.6627026550000323, 3.6169185830000288, 3.680445833999954, 3.6455056839999997, 3.780207862999987, 3.6710546819999763
end_session-1, 0.035736060000033376, 0.035293889000001855, 0.03508970500001851, 0.03614876599999661, 0.03719387099999949, 0.035090023000009296, 0.036624709000022904, 0.03532948399998759, 0.035974095999961264, 0.03653240599999208
end_session-10, 0.033706851000033566, 0.03587188299997024, 0.035875199999964025, 0.036185554999974556, 0.03602306700003055, 0.03574665799999366, 0.0352460659999565, 0.03616067600000861, 0.03808715900004245, 0.037126451999995425
end_session-100, 0.03576344800001152, 0.03647713999998814, 0.03512465700003986, 0.035835281000004215, 0.03583844899998212, 0.03444560799999863, 0.036176984000007906, 0.03607795799996438, 0.03592503999999508, 0.0347144030000095
end_session-1000, 0.03502052999999705, 0.036076787000013155, 0.033345929000006436, 0.03588368199996239, 0.03629777000003287, 0.03701466000001119, 0.034009334999950624, 0.03594154999996135, 0.0366778960000147, 0.03589390999997022
end_session-10000, 0.03667725500002916, 0.03670653000000357, 0.03735466699998824, 0.036712066999996296, 0.034953420000022106, 0.03808669400001463, 0.03785098099996276, 0.035946287000001576, 0.03505197499998758, 0.03690409900002578
end_session-100000, 0.04542322699995793, 0.04738727600005177, 0.04761238800000456, 0.04629510099999834, 0.04830716700001858, 0.04555324200003952, 0.045627524999986235, 0.04725169200003165, 0.04815743400001793, 0.04850782400001208
end_session-1000000, 0.15028747100001283, 0.1470771640000521, 0.14924745800004757, 0.1433437500000423, 0.14306483299998263, 0.14930357800000138, 0.16425299499996981, 0.14733011100003068, 0.1457365169999889, 0.1549402329999907
send_data-1, 0.037885382000013124, 0.03574739499998714, 0.035788534000005257, 0.03534607900002129, 0.03644439499998953, 0.03604134300002215, 0.035949058999960926, 0.03719509699999435, 0.03489216700000952, 0.03524618499994858
send_data-10, 0.03609693300001027, 0.03508936899999071, 0.03478850500005137, 0.03389743200000339, 0.03648727299997745, 0.03793942700002617, 0.035616458999982115, 0.0349367179999831, 0.03526512899998124, 0.03588236599995298
send_data-100, 0.03522880000002715, 0.03590472100000852, 0.03642476300001363, 0.0349153509999951, 0.0350389560000508, 0.037042100999997274, 0.03521849799994925, 0.03504006999997955, 0.03661632899996903, 0.0365614359999995
send_data-1000, 0.03585006099996235, 0.03601414399997793, 0.036070902000005844, 0.036508389999994506, 0.03653092199999719, 0.035718871000028685, 0.03427805899997338, 0.03423665999997638, 0.036516408000011324, 0.03786213000000771
send_data-10000, 0.03612132500001053, 0.03731737499998644, 0.037204782000003433, 0.03673510500004795, 0.03695542100001603, 0.03633018400000765, 0.0372378779999849, 0.03462564299996984, 0.03631337199999507, 0.03673314700000674
send_data-100000, 0.042586850000020604, 0.04050334300001168, 0.0388218150000057, 0.04116307900000038, 0.03977812600004427, 0.03816183300000375, 0.039767885999992814, 0.03981563700000379, 0.041501783999990494, 0.04119225199997345
send_data-1000000, 0.1690709599999991, 0.10636857500003316, 0.09670749399998613, 0.09944598100003077, 0.09353949600000533, 0.08995491000001721, 0.08999176000003217, 0.09173871100000497, 0.09853309400000398, 0.09835457799999858
recv_data-1, 0.03594657799999368, 0.03585726900001873, 0.036481638999987354, 0.03662949199997456, 0.03425048600001901, 0.03564210600001161, 0.03671582600003376, 0.03364829899999222, 0.03398677000001271, 0.036035092000020086
recv_data-10, 0.0369225190000293, 0.03529653900000085, 0.03637190199998486, 0.036217059000023255, 0.034464677000016763, 0.036043914999993376, 0.03639109200003077, 0.03689692699998659, 0.03574968899999931, 0.03752549899996893
recv_data-100, 0.034775930000023436, 0.03554652699995131, 0.03577241499999673, 0.036147656999958144, 0.035811701000000085, 0.034985209000012674, 0.035373243000037746, 0.03636031099995307, 0.035442697000007684, 0.03377594599999156
recv_data-1000, 0.036066677000007985, 0.03572145600003296, 0.03517432200004578, 0.03507634700002882, 0.036365213999999924, 0.0368251069999701, 0.03800151199999391, 0.03651623299998619, 0.03682017799997084, 0.035099926000043524
recv_data-10000, 0.03376539399999956, 0.036644858999977714, 0.03517445800002861, 0.037702061000004505, 0.03401147200003152, 0.034534599999972215, 0.03521175100001983, 0.03617242000001397, 0.03677058099998476, 0.0372920280000244
recv_data-100000, 0.03795059300000503, 0.04103706399996554, 0.03784320300002264, 0.04012542899999971, 0.03931445599999961, 0.04023800499999197, 0.03997063999997863, 0.040680742000006376, 0.04049967299999935, 0.039996531999975105
recv_data-1000000, 0.07027897999995503, 0.0676933329999656, 0.0703138109999486, 0.06823136000002705, 0.07146105500004296, 0.06974366600002213, 0.06945041200003743, 0.06971700200000441, 0.06942251300000635, 0.06828394900003332